# AERIS-10 Full-Chain Golden Reference Detections
# Threshold: 10000
# Format: range_bin doppler_bin magnitude
0 0 45899
0 1 16932
0 15 20172
0 16 34755
0 17 16693
0 31 14160
1 0 42755
1 1 20564
1 15 19141
1 16 45208
1 17 19546
1 31 20358
2 0 39930
2 1 18311
2 15 21701
2 16 37396
2 17 17739
2 31 21491
3 0 46211
3 1 23018
3 15 23006
3 16 51665
3 17 24318
3 31 25175
4 0 16909
4 1 10724
4 16 10509
5 0 65535
5 1 51305
5 2 15021
5 15 47624
5 16 65535
5 17 52640
5 31 41697
6 0 48420
6 1 46754
6 2 34733
6 3 11684
6 4 13081
6 8 11464
6 14 28944
6 15 26555
6 16 59911
6 17 22913
6 18 19180
6 20 15333
6 28 12001
6 30 23454
6 31 43392
7 0 63625
7 1 25207
7 2 12690
7 15 39777
7 16 62724
7 17 29273
7 31 31403
8 0 29784
8 1 14336
8 15 13966
8 16 35652
8 17 18689
8 31 16934
9 0 32988
9 1 26301
9 15 13330
9 16 49831
9 17 24712
9 31 21872
10 0 46407
10 1 14272
10 2 11278
10 15 26148
10 16 38061
10 17 17970
10 31 16084
11 0 28320
11 1 29809
11 2 17597
11 3 15730
11 13 13446
11 14 19249
11 15 13007
11 16 23655
11 17 20801
11 18 34113
11 19 11309
11 20 14194
11 21 11066
11 24 14625
11 28 13412
11 29 10608
11 30 33938
11 31 20029
12 0 43008
12 1 37593
12 15 48450
12 16 39933
12 17 38929
12 31 46823
13 0 65535
13 1 65535
13 15 65535
13 16 65535
13 17 65535
13 31 65535
14 0 65534
14 1 65536
14 2 12863
14 15 65536
14 16 65534
14 17 65536
14 18 12706
14 31 65536
15 0 54164
15 1 38565
15 2 12866
15 15 57363
15 16 65536
15 17 36528
15 18 12437
15 30 19074
15 31 65534
16 0 42448
16 1 38585
16 15 49236
16 16 53851
16 17 35736
16 31 53423
17 0 65536
17 1 51568
17 15 62620
17 16 65536
17 17 52286
17 31 60707
18 1 13705
18 2 10962
18 14 16511
18 15 10376
18 16 12961
18 18 10717
18 29 10338
18 30 10319
19 0 60282
19 1 40817
19 15 37679
19 16 65536
19 17 45980
19 31 37257
20 0 41494
20 2 28471
20 3 12259
20 4 11488
20 5 11854
20 11 10791
20 14 33410
20 15 41389
20 16 65535
20 17 58136
20 31 60684
21 0 65534
21 1 65536
21 2 18856
21 3 13343
21 13 32091
21 14 59493
21 15 51470
21 16 65534
21 17 33196
21 18 12750
21 29 23167
21 30 33726
21 31 65536
22 0 65535
22 1 65535
22 2 58517
22 3 63817
22 4 59352
22 5 51020
22 6 38249
22 7 18461
22 9 23803
22 10 33673
22 11 41005
22 12 56862
22 13 39502
22 14 61091
22 15 47413
22 16 65535
22 18 65535
22 19 56931
22 20 16605
22 21 33455
22 22 33912
22 23 34241
22 24 12202
22 25 22861
22 26 35468
22 27 30951
22 28 26763
22 29 25799
22 30 65536
22 31 41282
23 0 51637
23 1 51731
23 14 14038
23 15 37573
23 16 55255
23 17 56669
23 30 12674
23 31 34522
24 0 42843
24 1 44628
24 15 30536
24 16 48970
24 17 48903
24 31 30003
25 0 49997
25 1 33287
25 15 46456
25 16 47657
25 17 33004
25 31 43797
26 0 65536
26 1 41839
26 15 57123
26 16 65536
26 17 41037
26 31 57609
27 0 42476
27 1 27844
27 15 34004
27 16 43931
27 17 28701
27 31 37839
28 0 43616
28 1 19040
28 15 29851
28 16 52821
28 17 27011
28 31 28000
29 0 62429
29 1 31938
29 15 42166
29 16 65535
29 17 32046
29 31 38291
30 0 35285
30 1 28165
30 15 22843
30 16 39279
30 17 24737
30 31 17599
31 0 63655
31 1 54100
31 14 10098
31 15 39836
31 16 55881
31 17 51729
31 31 37490
32 0 37479
32 1 30837
32 14 10153
32 15 40550
32 16 43857
32 17 29695
32 31 40983
33 0 39772
33 1 23766
33 15 13472
33 16 36114
33 17 19899
33 31 18254
34 0 50767
34 1 24658
34 15 25251
34 16 44342
34 17 20077
34 31 25649
35 0 41721
35 1 20052
35 15 19664
35 16 40591
35 17 18588
35 31 20111
36 0 31284
36 1 15076
36 15 15354
36 16 35828
36 17 17556
36 31 16717
37 0 23982
37 1 12002
37 15 12063
37 16 19881
37 30 10152
37 31 23232
38 0 26901
38 1 12758
38 16 33556
38 17 19244
38 31 14924
39 1 10731
39 16 12546
40 0 45716
40 1 23171
40 15 19146
40 16 46810
40 17 22585
40 31 20741
41 0 28567
41 1 15934
41 15 11427
41 16 26055
41 17 13520
41 31 10189
42 0 27713
42 1 12120
42 15 13812
42 16 23647
42 17 10455
42 31 12309
43 0 25705
43 1 10858
43 15 13186
43 16 26347
43 17 11490
43 31 13246
44 0 20776
44 1 10649
44 16 21471
44 17 10813
45 0 25751
45 1 12254
45 15 12731
45 16 22955
45 17 10877
45 31 11501
46 0 12279
46 16 12338
47 0 19641
47 1 10111
47 16 14692
48 2 11043
48 14 12749
48 16 17794
49 0 35130
49 1 17533
49 15 14696
49 16 16049
49 17 22493
49 18 15215
49 30 14119
50 0 17397
50 16 16936
51 0 10342
51 15 12497
53 0 25084
53 1 11347
53 15 13128
53 16 22983
53 31 12020
54 0 18220
54 16 15273
57 16 11209
58 0 16278
58 16 15616
59 0 14931
59 16 13509
60 0 14905
60 16 12535
61 0 16285
61 16 18629
63 0 15975
63 16 14978
64 0 16526
64 16 17466
65 0 15281
65 16 17209
66 0 13724
66 16 14810
67 16 12070
68 0 22314
68 1 11703
68 16 21863
68 17 10187
69 0 26114
69 1 11577
69 15 15214
69 16 25695
69 17 14831
69 31 17151
70 0 30814
70 1 14095
70 15 16239
70 16 28511
70 17 13373
70 31 13427
71 0 26533
71 1 12229
71 15 10949
71 16 25190
71 17 12289
71 31 10509
72 0 25733
72 1 12129
72 15 11693
72 16 20282
72 31 12858
73 0 14996
73 1 13303
73 16 25163
73 17 10547
73 31 13033
74 0 41884
74 1 24806
74 15 17425
74 16 31962
74 17 15874
74 18 15546
74 19 11190
74 30 15209
74 31 19331
75 0 29205
75 1 12723
75 15 13368
75 16 27951
75 17 12195
75 31 13031
76 0 13512
76 15 12893
76 16 19219
76 17 10509
77 0 25881
77 15 12434
77 16 22266
77 31 14678
78 0 11512
78 1 15864
78 2 17745
78 13 12793
78 15 13091
78 16 14861
78 17 19734
78 18 17602
79 0 42615
79 1 24841
79 15 17523
79 16 48446
79 17 25614
79 31 19941
80 1 12894
80 14 10031
80 16 17691
81 0 16539
81 1 14312
81 16 15562
82 15 14012
82 16 20484
82 17 10448
83 0 23436
83 1 12285
83 16 18162
83 17 17492
83 18 10838
84 0 12926
84 15 10842
84 16 11270
85 0 16024
85 16 12197
86 0 38959
86 1 18289
86 15 16909
86 16 26555
86 17 17020
87 0 13036
87 15 10637
87 16 12013
88 0 23353
88 15 13978
88 16 21899
88 17 12489
89 0 24143
89 1 12016
89 15 11239
89 16 23437
89 17 12511
90 0 22777
90 1 11198
90 17 10278
91 0 14506
91 16 17754
92 0 30669
92 1 15585
92 15 13102
92 16 30679
92 17 14243
92 31 13291
93 0 14332
93 16 13175
94 0 14782
94 16 16485
95 0 15444
95 16 11942
96 0 16778
96 16 15536
98 0 13354
98 16 12441
99 16 11182
107 0 10767
108 0 10009
108 16 11578
109 0 11111
109 16 10947
110 0 11477
110 16 12674
114 0 11782
114 16 10704
115 0 12051
115 16 13537
116 0 10708
116 16 10607
131 16 10387
140 0 11812
140 16 11707
146 0 10475
147 16 11004
150 0 11326
151 0 12582
153 0 14135
153 16 12300
156 0 14765
156 16 13572
157 0 11115
157 16 11294
158 2 12698
158 14 12072
158 16 20471
158 31 10458
159 0 10840
159 16 17077
161 16 10282
162 0 32644
162 1 12208
162 2 10177
162 3 10950
162 4 10236
162 5 10175
162 13 10993
162 15 11140
162 16 21177
162 18 10883
162 22 12965
162 23 13659
162 24 19125
162 25 14685
162 26 12483
162 30 13201
162 31 14641
163 0 38578
163 1 17369
163 15 19128
163 16 42171
163 17 17996
163 31 20012
164 0 16974
164 1 12381
164 2 12232
164 14 11596
164 16 19255
164 17 17580
165 0 30253
165 1 13339
165 15 14960
165 16 28958
165 17 11824
165 31 14798
166 0 42180
166 1 18879
166 15 24974
166 16 42329
166 17 16702
166 31 24965
167 0 24473
167 15 11538
167 16 21480
167 31 10730
168 0 16731
168 15 10112
168 16 13080
169 0 14233
169 16 14088
170 0 24771
170 1 11050
170 15 12929
170 16 24547
170 31 12673
171 0 34071
171 1 14972
171 15 14713
171 16 29592
171 17 12260
171 31 13870
172 0 37293
172 1 15093
172 15 20341
172 16 37680
172 17 15151
172 31 19729
173 0 27796
173 1 15407
173 15 10901
173 16 30028
173 17 14946
173 31 12575
174 0 39496
174 1 21767
174 15 14028
174 16 40792
174 17 21947
174 31 15328
175 0 10616
176 0 14847
176 16 13661
177 0 11339
177 16 12672
182 0 13896
182 16 11262
211 16 10580
214 0 10436
215 16 12156
222 16 10062
228 0 11225
229 16 11330
233 0 10441
233 16 12145
240 16 10599
300 0 10028
304 16 10381
306 16 11212
307 0 18997
307 16 19795
307 17 10426
309 0 12773
309 16 11247
310 0 16865
310 16 13480
312 1 10997
312 2 10483
312 14 10803
312 16 17438
313 0 11518
313 16 11670
316 0 10331
317 0 11909
317 16 16492
318 0 24137
318 1 11328
318 15 12957
318 16 26333
318 17 12318
318 31 12831
319 16 12703
320 16 15199
322 0 10699
322 16 10761
323 0 11441
323 16 13625
325 0 10082
326 0 13008
326 16 11472
329 0 10390
362 0 12239
362 16 10241
366 0 13717
366 16 16629
367 0 21355
367 15 10742
367 16 22294
367 31 11624
368 0 13226
368 16 11349
369 0 17607
369 16 16446
370 0 18754
370 16 11746
371 0 13025
371 16 11044
372 16 12924
373 0 11818
373 16 13855
374 0 12015
374 16 11003
375 0 10623
375 16 14044
376 0 13993
376 16 15978
377 0 20703
377 1 11172
377 16 19627
377 17 10172
378 0 14885
378 16 14016
379 16 12239
381 0 12615
381 16 14086
382 16 10266
383 0 21870
383 1 11087
383 16 17186
385 0 15781
385 16 16932
387 0 13863
387 16 10365
392 16 12853
393 16 10375
394 0 11629
394 16 13682
395 0 12275
395 16 10123
397 0 16071
397 16 25059
397 17 11320
397 31 11806
398 0 12500
398 16 13069
400 0 13307
400 16 15221
401 0 12449
401 16 13339
404 0 14313
404 16 14072
405 16 10686
407 0 12602
407 16 12017
408 0 19099
408 1 11311
408 16 20385
409 16 12705
411 0 11695
412 0 15868
412 16 15700
414 0 22324
414 1 10039
414 15 11811
414 16 25129
414 17 11825
414 31 11582
415 0 14358
415 16 18210
425 0 13168
425 16 10735
429 0 11167
431 16 10362
435 0 12986
435 16 13344
437 0 10652
440 0 12371
440 16 11533
441 0 10238
442 2 16916
442 3 10624
442 13 11332
442 14 15508
442 17 10147
442 30 10472
442 31 19432
443 0 13330
443 1 12691
443 16 19459
443 31 10018
444 0 16305
444 16 16644
445 0 32379
445 1 12452
445 15 15546
445 16 28615
445 17 12817
445 31 13038
446 0 23120
446 15 10935
446 16 19841
447 0 26465
447 1 13496
447 15 11177
447 16 25838
447 17 14445
447 31 10584
448 16 15253
449 0 15700
449 16 18038
449 18 10372
451 0 36665
451 1 14794
451 15 18299
451 16 35609
451 17 13477
451 31 18780
452 0 44906
452 1 15770
452 15 21974
452 16 40850
452 17 17260
452 31 19164
453 0 19863
453 16 20290
453 31 10280
454 0 35306
454 1 17011
454 15 14267
454 16 34063
454 17 15513
454 31 14308
455 0 19635
455 1 11256
455 2 13541
455 14 12891
455 15 16706
455 16 29757
455 17 13367
455 31 15854
456 0 20851
456 14 17824
456 15 28077
456 16 32496
456 17 19770
456 30 13097
457 0 34421
457 1 15345
457 15 16808
457 16 31244
457 17 14505
457 31 15038
458 0 41598
458 1 26243
458 2 18453
458 13 10188
458 15 10590
458 16 40963
458 17 23991
458 31 18925
459 0 38806
459 1 21547
459 15 20087
459 16 35463
459 17 22818
459 31 19439
460 0 30112
460 1 13159
460 2 20640
460 3 12933
460 8 10834
460 9 10923
460 11 10843
460 12 13456
460 13 13930
460 14 15012
460 16 11617
460 18 12150
460 19 14768
460 30 36007
460 31 29818
461 0 65535
461 1 56672
461 3 17169
461 4 13283
461 13 11933
461 14 13974
461 15 35778
461 16 65535
461 17 50059
461 18 10267
461 31 65535
462 0 33642
462 1 29331
462 2 15173
462 3 13563
462 6 13408
462 7 14649
462 9 10365
462 10 14383
462 11 12503
462 13 21165
462 14 25530
462 15 28985
462 16 44574
462 17 50206
462 18 21999
462 30 17463
462 31 29835
463 0 44358
463 1 23135
463 15 18902
463 16 38345
463 17 19563
463 31 21685
464 0 44290
464 1 21259
464 15 20753
464 16 40301
464 17 18367
464 31 20291
465 0 43024
465 1 15811
465 15 22858
465 16 48594
465 17 18886
465 31 25557
466 0 54556
466 1 35612
466 15 31270
466 16 56695
466 17 38708
466 31 32519
467 0 57345
467 1 30942
467 15 25495
467 16 58311
467 17 29966
467 31 24911
468 0 61218
468 1 40141
468 15 37794
468 16 62658
468 17 39594
468 31 37418
469 0 65536
469 1 50547
469 15 47077
469 16 65536
469 17 47555
469 31 47957
470 0 54083
470 1 25214
470 2 12974
470 14 14431
470 15 41134
470 16 46411
470 17 40085
470 31 28136
471 0 39444
471 1 21260
471 15 20086
471 16 38910
471 17 26688
471 31 20704
472 0 12825
473 0 23080
473 1 11652
473 15 12309
473 16 23804
473 17 13922
473 31 11989
474 0 15114
474 17 10894
475 0 20783
475 1 12726
475 16 18854
476 0 33830
476 1 15143
476 15 18111
476 16 32922
476 17 15044
476 31 16407
477 0 41644
477 1 22092
477 2 14251
477 15 11189
477 16 37727
477 17 15934
477 31 22508
478 0 11961
478 16 20857
478 17 11165
480 0 10595
480 16 17994
481 0 30352
481 1 13809
481 15 14000
481 16 26942
481 17 13600
481 31 11331
482 0 21334
482 1 10419
482 16 20430
483 0 10557
483 16 15553
483 17 10359
484 0 29555
484 1 14717
484 15 11713
484 16 25609
484 17 13028
484 31 11049
485 0 19568
485 17 11542
486 0 13248
486 15 10176
486 16 22160
486 31 11174
487 16 13815
488 0 18730
488 16 22259
488 17 10088
488 31 10901
489 0 11703
489 16 18363
490 0 17660
491 0 17430
491 16 10920
491 17 17033
492 0 11981
492 16 10700
493 0 11844
493 16 17033
494 0 23970
494 15 15219
494 16 28477
494 17 13359
494 31 15758
495 0 14780
495 16 12548
496 0 10270
496 16 20736
496 17 13290
496 31 10846
497 0 27427
497 1 12592
497 15 14374
497 16 37848
497 17 25127
497 31 17547
498 0 12600
498 16 26241
498 17 14786
498 31 12460
499 0 16535
499 16 19060
499 31 15097
500 0 14900
500 16 19330
500 31 13429
501 0 27297
501 1 12960
501 15 12192
501 16 27953
501 17 11744
501 31 13373
502 0 12132
502 16 11568
503 0 30125
503 1 14137
503 15 12831
503 16 23710
503 17 11726
503 31 10628
504 16 10475
505 0 11446
505 16 16936
506 0 18925
506 1 10270
506 16 22846
506 17 12051
506 31 10084
507 0 27298
507 1 14704
507 15 11309
507 16 29484
507 17 16821
507 31 12511
508 0 43375
508 1 26081
508 15 18000
508 16 44717
508 17 24100
508 31 18377
509 0 38143
509 1 23301
509 15 15917
509 16 43471
509 17 22307
509 31 18037
510 0 36115
510 1 19543
510 15 15261
510 16 31915
510 17 17717
510 31 12520
511 0 43411
511 1 22578
511 15 18999
511 16 39547
511 17 20561
511 31 16479
